,NVDA,AAPL,MSFT,AMZN,GOOG,GOOGL,META,TSLA,AVGO,COST,NFLX,TMUS,ASML,CSCO,ADBE,AMD,PEP,LIN,INTU,AZN,ISRG,TXN,QCOM,CMCSA,BKNG,AMGN,PDD,AMAT,HON,ARM,PANW,VRTX,ADP,GILD,SBUX,MU,INTC,ADI,MELI,LRCX,CTAS,MDLZ,PYPL,REGN,KLAC,SNPS,CRWD,CDNS,ABNB,MAR,MRVL,FTNT,DASH,WDAY,ORLY,CEG,CSX,ADSK,TEAM,CHTR,TTD,ROP,PCAR,NXPI,CPRT,MNST,FANG,PAYX,AEP,ODFL,FAST,ROST,KDP,DDOG,BKR,EA,VRSK,CTSH,LULU,XEL,KHC,GEHC,EXC,MCHP,CCEP,IDXX,ZS,TTWO,CSGP,ANSS,ON,DXCM,CDW,BIIB,WBD,GFS,ILMN,MDB,MRNA,DLTR,WBA
NVDA,0.0010079443582161735,0.00014148544395236205,0.0001915670047647177,0.00026885474599236533,0.00020222426948256932,0.00020364347621857498,0.00030082188240238456,0.0002959981788356812,0.0006119574707476638,0.00015278559906703945,0.0002504044030286245,2.5629837058932833e-05,0.0005331453584097918,5.229601144331268e-05,0.0002111623132202619,0.000564804263479321,-6.557763653448801e-05,5.003120944284314e-05,0.0001797669448954804,1.3540625824390661e-05,0.00018553246626283864,0.00019700570428461315,0.0004351192806670265,6.320780397115056e-06,0.00017711979624080828,3.2174686742509296e-05,0.0001989656976074239,0.0005139396917945578,3.854265922707965e-05,0.0007670433455561877,0.0002521189203065987,6.207659905560859e-05,1.508362151737554e-05,-8.925110372220372e-05,0.00012301059711613624,0.0005265906345426648,0.00031286526468956704,0.00025775227262435027,0.00021518050944984864,0.0005262375238344545,8.332393213040388e-05,-4.5861468674820124e-05,9.566675617808905e-05,5.659483122601563e-05,0.0005457826602564925,0.0004210242690938058,0.00037832243886680336,0.00038003202039622413,0.0002681968387539267,9.425879326833308e-05,0.00058612300750464,6.820372427872674e-05,0.00025212747241432564,0.00011060657930680547,-7.705300616619474e-06,0.0003345771606580894,1.8375673211689567e-05,0.000194372091516144,0.00012598158521412708,-1.885287610365562e-05,0.0002844603659538221,7.921093289136702e-05,0.0001256169444240508,0.00034011705241663394,0.00011537129900739762,-2.883300296606172e-05,2.3076607509953964e-05,5.535646267522463e-06,-9.057256360206683e-05,0.00013791548281038874,5.965917696403736e-05,7.433619029610509e-05,-6.03183756923203e-05,0.00029677550885350294,4.302586833974219e-06,6.308080434833232e-05,-1.7032158281508907e-05,3.2119936445351136e-05,0.00012171848004609596,-0.00011958459119109605,-6.088477538092877e-05,9.452682222670578e-05,-8.240403772402356e-05,0.0003398857254839065,1.6671941200098616e-05,0.00014277861492266117,0.0002733945126256989,0.0001011496785075734,2.6225657632348094e-05,0.00021935365848087192,0.00036709182669544013,0.00010343528477662054,0.00011484497635757273,1.1935355391144942e-05,-1.8775658319928053e-05,0.0002581490808760192,5.8139538281576925e-05,0.0003196903246114427,0.00019363100258267893,6.372683211015084e-05,-1.6025052136655236e-05
AAPL,0.00014148544395236205,0.00019353231576356834,8.668414076072998e-05,9.831059704034918e-05,9.726978233594674e-05,9.757740369860821e-05,8.356528288729697e-05,0.000180434480709346,0.00014346310231113906,4.686695413181155e-05,8.261189989875533e-05,5.649281336805362e-06,0.00012277560091003377,3.054529723055809e-05,8.191132001094223e-05,0.0001324300229520513,4.29220126526487e-06,2.1499011384102003e-05,8.282690611006228e-05,2.5436175525356838e-05,8.000896660768728e-05,7.503897102546423e-05,0.0001277398909608052,2.9328361525443592e-05,6.592053519478644e-05,4.852281113334546e-05,5.114718793207837e-05,0.00012615079323439362,3.377649818334254e-05,0.00020997047572152424,8.879765186389584e-05,3.097921756401498e-05,1.8614970968228754e-05,-9.151322229494346e-06,6.10443814589391e-05,9.853709594250102e-05,0.0001034230888835615,9.382282006210828e-05,8.909746805597172e-05,0.00012274023713341447,4.673720909670561e-05,8.472579352297274e-06,5.34254216362627e-05,4.4437641225451285e-05,0.00013003881340106562,0.00011259023948304031,9.32835779123021e-05,0.0001046812688366337,7.252867479676884e-05,5.1712093811519393e-05,0.0001342094824456619,4.8049097380827266e-05,7.407043885746445e-05,6.638663631614361e-05,1.3639377512718197e-05,6.899071364478688e-05,2.6243924430248604e-05,8.480665844826824e-05,9.313466684950276e-05,4.569325951867232e-05,0.00010137947936127967,5.198653817074639e-05,2.653087748764277e-05,0.00011117277712386516,5.94296073857713e-05,1.949099325439751e-05,2.610751458121306e-06,3.1706392830517116e-05,8.227055190499875e-06,6.223887731856836e-05,3.75206336618174e-05,5.263610724270882e-05,7.844286540765936e-06,0.00010242794597855816,1.6578420507749938e-05,3.3497539675190124e-05,2.3805692580447812e-05,3.058215569462257e-05,4.645409905158238e-05,6.9556096484441496e-06,2.0413150082019908e-07,6.196527657927346e-05,2.2359715553462117e-06,0.00010531713315452753,2.4247439062786898e-05,7.093662783076695e-05,0.0001224503061971705,4.395343563457327e-05,6.415877705346274e-05,6.557648620274523e-05,0.00013537131847945666,2.4882027556774113e-05,6.376079035218081e-05,3.974967314032998e-05,6.045454070887205e-05,0.000130924887137873,5.572932716192855e-05,0.00010407872334149463,5.546244930296782e-05,1.8323298612159448e-05,6.371906917663414e-05
MSFT,0.0001915670047647177,8.668414076072998e-05,0.00016283226699445163,0.00014009044752452004,0.00011533092661722403,0.0001163190254933016,0.0001628986940658074,0.00012135507184624267,0.00016872686854338075,6.296147479661737e-05,0.0001035806562158588,6.20940088161893e-06,0.00015581313893884392,3.65345999953031e-05,0.00012781109607372314,0.00015713821743948991,1.8893729570457848e-06,3.4658385675931085e-05,0.00010256058564296986,3.4173596888589867e-06,8.5357011631175e-05,6.776895979517497e-05,0.00011820971327971103,1.5160297745295772e-05,7.347196954051764e-05,2.8530454588455518e-05,5.7116283372422485e-05,0.0001474228169190197,3.33433867640708e-05,0.00020952396775878097,0.00011459143694927299,3.079085995277639e-05,5.004992207863149e-06,3.298042021950487e-06,4.057917413171853e-05,0.00013786006613028808,0.00013097521169260875,9.121366971305554e-05,7.61114003002198e-05,0.00015210355296770022,5.6254218221273734e-05,1.1632908112072727e-05,4.5167632651922925e-05,5.221148763637686e-05,0.00015140347281442584,0.00015761586896609057,0.00015776226369994487,0.00015799122909346367,9.402769104873482e-05,6.13154421795635e-05,0.00015776715389037064,5.22279822997809e-05,7.650895465296178e-05,7.457226696525436e-05,2.1046596156340376e-05,7.916597531263452e-05,2.0788903034129158e-05,9.826483253047625e-05,6.990859660694718e-05,3.8834331559065205e-05,0.00010550830626237259,6.342586177743604e-05,3.7975049771379057e-05,9.993748178263491e-05,6.913870649068143e-05,2.8596029645738743e-05,1.112355982803062e-06,2.3727319524380795e-05,-4.8246857213193745e-06,4.974554755208138e-05,3.776074540344497e-05,4.6136821411804636e-05,-5.186693985410627e-06,0.00012749241803268078,-2.7483795338628305e-06,3.3723151917074896e-05,3.487981794398036e-05,3.7136314464022345e-05,7.784010062208338e-05,-2.060500848609863e-05,-1.682323857920987e-05,4.916753052994064e-05,5.573720780221078e-07,0.00010598377502742946,1.9907903726015833e-05,7.576775689019271e-05,0.00014143885056889865,4.4884280189387885e-05,3.726283932429981e-05,9.014503965784955e-05,9.986047776335908e-05,1.8606914187850144e-05,5.53895200568402e-05,2.561074384409002e-05,9.803351122282754e-06,0.00010772084090217804,4.164976746876895e-05,0.0001655600883349981,4.5018233627950016e-05,4.793083929578205e-06,-1.1334433694093384e-05
AMZN,0.00026885474599236533,9.831059704034918e-05,0.00014009044752452004,0.00031137938153327885,0.00017000835122406484,0.00017158630489474383,0.0002414757857328177,0.00018862220830924062,0.00022736708417204907,7.85755473526709e-05,0.00012728511202969028,1.0825510747923635e-05,0.00022703229909381805,7.073453527868632e-05,0.00016801972018195372,0.00023486718512035314,-8.87708357931554e-06,3.791696238558029e-05,0.00014296752037122737,3.4289780101424313e-06,0.00011037003025679464,9.430271683163713e-05,0.00015813955631649264,3.784508509187358e-05,0.00011735007111357317,2.9766787588229012e-05,9.198025578634097e-05,0.00019967745078667824,4.531948144129756e-05,0.00030022017127006526,0.00014888364194902455,3.6564132672244235e-05,2.8691711662869616e-05,8.894949050165607e-06,5.05128823719329e-05,0.0001840943426765795,0.0002307755324993383,0.00011936821225996716,0.00010941805735209278,0.00021093130473207757,6.664759871127847e-05,-2.414480932883161e-06,0.00011890841982328258,4.4423504279949515e-05,0.00020996061573341893,0.00019813367208315342,0.0002009754167520618,0.00019613001757256835,0.00015620805398116808,7.990727657718061e-05,0.00024156654120903508,9.782519224533472e-05,0.00013418525476076917,0.00011048331307143723,2.663323709726821e-05,0.0001369555111460273,4.300374291901734e-05,0.0001198743158871315,0.00015831297292794234,2.7848315658403605e-06,0.0001835963599970863,6.729843312073739e-05,5.687192181109732e-05,0.00013054834086494404,8.977191404603121e-05,3.826357978539238e-05,2.0795671020012338e-05,2.7205735592034243e-05,-4.725545668769223e-06,0.00011795042395738825,5.743057608578072e-05,6.919367045670665e-05,-3.44089891924754e-06,0.00023103632332674673,3.210938063008519e-05,3.8166410353517435e-05,1.3346916442873126e-05,5.250988208034581e-05,0.0001163983900856894,-2.5003130808540463e-05,-2.6154476099409443e-05,6.843760726642853e-05,-8.864969823014827e-06,0.00015895363293493751,2.6331040861525286e-05,9.629878519963554e-05,0.0002053142583409123,5.4207770889046206e-05,7.609870743065254e-05,0.0001213274894371578,0.00015624047228631285,4.341087668403287e-05,6.237480985175976e-05,2.66772195383361e-05,7.199577753152689e-05,0.00015567310681368886,8.917385010772062e-05,0.00030317532883417754,8.501782100554727e-05,6.032612324825334e-05,1.8606458670850955e-05
GOOG,0.00020222426948256932,9.726978233594674e-05,0.00011533092661722403,0.00017000835122406484,0.00029345675459879143,0.0002943501251804933,0.00016607852944762865,0.00012977295555442075,0.00015117175678733323,5.228087701908696e-05,0.00010135571540496119,1.0025629641369994e-05,0.00013648951029873133,5.506649781398403e-05,0.00013530007925695967,0.00018969127244893784,5.109289117086368e-06,2.661307601647224e-05,0.00010926943730108068,1.2552653043919765e-05,8.798047479696487e-05,7.876843949369219e-05,0.00012303786276549015,5.401823961617267e-05,8.68221198138645e-05,3.53540364759831e-05,8.549077016998783e-05,0.0001397719702592693,4.333054685890154e-05,0.0002190657905571616,9.824823732411184e-05,4.417149780498986e-05,3.7192719892791076e-05,3.501979329090398e-06,5.6512382316763544e-05,0.00011388331545096672,0.0001225486139067158,0.00010040117225934956,0.00010843636937376326,0.00014806677953989406,4.661872158234233e-05,1.341591651434965e-05,0.0001030258409204782,4.222498891999913e-05,0.00015263760890830256,0.00015092023439881085,0.0001244901507160719,0.00014356795442582517,0.00012585463406792867,6.586367088152038e-05,0.0001587320308112233,6.044953919084541e-05,0.00011569927534240773,7.371406986661893e-05,7.914726819150998e-06,0.00010713832058735215,2.720568944735273e-05,8.937329092196276e-05,9.885381825757084e-05,6.726835640822132e-05,0.00014891701163755394,6.156955901340254e-05,3.2090416781652796e-05,0.00012418527043559028,7.487831496352104e-05,1.732572157146651e-05,2.3451380138444773e-05,3.2802204247082757e-05,-3.691637048870765e-06,3.3817335018371604e-05,2.459645865965036e-05,4.410853317475544e-05,1.094140443882434e-05,0.00014948089693151917,2.806875107043089e-05,3.8857493090370277e-05,2.875570565933541e-05,4.6284452308686496e-05,8.658171432830303e-05,-7.915337317187467e-06,-4.505513308619082e-06,4.7695146745024725e-05,6.352222013304834e-08,0.00012921103239260046,1.5552300813588766e-05,9.080631198835405e-05,0.0001503305060452786,5.969599509581032e-05,6.747605930958948e-05,0.00010325331955010837,0.00014387737929277903,1.5505834579932853e-05,3.276297626088774e-05,4.3526917584796085e-05,7.840679054496088e-05,0.00014493211110245123,7.237772441235034e-05,0.0001684267875893859,7.73297776267999e-05,2.9669773715630976e-05,3.5633436368255924e-05
GOOGL,0.00020364347621857498,9.757740369860821e-05,0.0001163190254933016,0.00017158630489474383,0.0002943501251804933,0.00029651252160324413,0.00016932173850511446,0.0001283158879494082,0.00015206574808598755,5.325148090297963e-05,0.00010298834604120953,9.105910627583105e-06,0.0001378339458830546,5.4504010997515736e-05,0.00013619429651413122,0.00019327383958555615,5.058267745255571e-06,2.7238431636464295e-05,0.00011001005909109179,1.1299375478325283e-05,8.953466623127363e-05,7.782800905101303e-05,0.0001242451933229933,5.4095930718822476e-05,8.706056369333594e-05,3.4322963436436784e-05,8.714122869863478e-05,0.0001406922255281958,4.399199481525402e-05,0.0002193128949152547,0.00010061391527093578,4.375194095938787e-05,3.6012947824399316e-05,3.6643925380397956e-06,5.466843292713692e-05,0.0001151374490389068,0.0001222370504958362,0.00010048032467671897,0.00010917799961549546,0.00014955630574108218,4.5995206514975655e-05,1.3039289883172642e-05,0.00010372776393103737,4.3659420125992524e-05,0.0001529891122757708,0.0001516038412264993,0.00012460232249283967,0.000144546681850266,0.00012278390702806952,6.530169954258e-05,0.00015884110093618726,6.448775677788764e-05,0.0001180507388623874,7.273423602730306e-05,7.994075420997205e-06,0.00010505889497101506,2.7167953295479925e-05,8.927889284553714e-05,9.741413306567824e-05,6.749045439995715e-05,0.0001481361835276192,6.15535099029697e-05,3.205542360814384e-05,0.00012449200975971306,7.567397313159097e-05,1.7240852890200926e-05,2.0368818322604373e-05,3.229178731908833e-05,-5.430020687997899e-06,3.184794792974024e-05,2.447431466747496e-05,4.437972619688272e-05,1.0458017869646574e-05,0.00014855095490730544,2.625178475256932e-05,3.849675054281866e-05,2.9843486885888624e-05,4.60940528760965e-05,8.478066523269167e-05,-9.557845979722624e-06,-4.422464883671985e-06,4.7939290992178985e-05,-1.9634238161233014e-06,0.00012994560285472547,1.5471519211422884e-05,9.020978926679866e-05,0.00015081246964392066,5.8703105226134437e-05,6.693511380501605e-05,0.00010411518723512178,0.00014484839705909954,1.3424535603321633e-05,3.3408342787390455e-05,4.263022861380907e-05,7.73362328426048e-05,0.00014560674088118691,7.258205212804291e-05,0.00016825606357876647,7.406378251047884e-05,3.152196347719223e-05,3.209679334007881e-05
META,0.00030082188240238456,8.356528288729697e-05,0.0001628986940658074,0.0002414757857328177,0.00016607852944762865,0.00016932173850511446,0.0005010358914193986,0.000138796092715607,0.00023670259572650161,0.00010026410729065794,0.0001284881303016403,1.0942077936491038e-05,0.00023423764610287364,3.187187326460547e-05,0.0001535286236522418,0.0002793033929904526,-9.555675269368463e-06,4.080729611605355e-05,0.00012596682672357892,-1.6080307371420405e-05,0.0001399829993469891,7.628879221458358e-05,0.00015980478591815146,1.3762087526562163e-05,0.00010486403196340182,3.334378385610958e-05,0.00011244978371119176,0.00019824181979240436,4.1600781439029e-05,0.0003253069370008636,0.00015438924181563878,3.509487714082295e-05,2.5103656767059032e-05,-2.2239180853773253e-05,2.83470460087351e-05,0.00017414929114996253,0.0001325758366618384,0.00010867889892115463,0.00011883419117113927,0.00020391364180041849,7.188697425119455e-05,5.833606528279173e-06,9.39487374636549e-05,5.29514801600068e-05,0.00020128071796564887,0.00022496724389017,0.00020732603872004556,0.0002199522978254832,0.0001630577227657257,9.063067803438072e-05,0.0002363549944439443,7.370795839911755e-05,0.00016375866956553443,6.166845713212178e-05,3.4307974543861966e-05,0.00017654624389265832,3.083808569344568e-05,0.0001056436416194878,2.13814999856594e-05,-6.855339312892405e-05,0.00020367517233655885,7.324164296644929e-05,6.161680659323306e-05,0.00013180916042263092,9.238768563472373e-05,1.6992601629637726e-05,1.628431307489725e-05,2.78713056360842e-05,-1.948932403515277e-05,0.00011200722798519199,3.910140096184812e-05,5.6263619658179335e-05,-3.4034761723830794e-05,0.00021564093115357055,2.7308896988185392e-05,2.7852797397349184e-05,2.858911724744026e-05,5.3046805373853484e-05,8.411822378398109e-05,-5.06662943575203e-05,-3.4111542326789365e-05,5.908928932777464e-05,-2.3236727943773378e-05,0.0001272540375354914,1.6654287367033608e-05,9.679222315103284e-05,0.00018520817229640354,7.047967126087614e-05,4.9365287622188456e-05,0.0001394250746178329,0.00014088031753474862,5.417347232133833e-05,5.581466005679679e-05,1.2650571845017547e-05,1.6121460102962495e-05,0.00013511168287610268,7.465016175864626e-05,0.00021110106153258377,2.4052542749187403e-05,4.224007868872477e-05,-3.078469028830727e-05
TSLA,0.0002959981788356812,0.000180434480709346,0.00012135507184624267,0.00018862220830924062,0.00012977295555442075,0.0001283158879494082,0.000138796092715607,0.0012920341838111378,0.00036385256734571296,0.00010676612380168028,7.213675469314137e-05,6.266563505038023e-05,0.0002747455182418768,6.161312898374658e-05,0.00011393608583941942,0.00030317502197084787,1.9828783006312058e-05,4.559082289963565e-05,0.0001604516405516045,2.193670968155136e-05,8.747057063604878e-05,0.0002462295750992315,0.0003050841777033322,6.682955576210105e-05,0.0001542465301767407,5.59467564847869e-05,0.00013032695427679715,0.000347808655310892,1.5886656231776774e-05,0.0005251733014387293,0.00017633551073948522,5.0580775897118805e-05,3.554935937621646e-05,5.393347254380233e-06,0.00012016402549023091,0.0002686998036831783,0.0003071733264888669,0.000261263368562475,0.00015086723113397093,0.0003668197979739985,7.892728414006717e-05,3.893977064608348e-05,0.00022674695986692656,5.9799457087461564e-05,0.00032945633806526133,0.00023025374638302966,0.00018209866287819413,0.00021148693556146843,0.00023736779503335124,0.00012115252304460499,0.00037142866238403606,6.620120993769623e-05,0.00018715993520604057,0.00010053591043672792,-1.799076552478882e-05,0.00014604206512316807,2.3534349084307632e-05,0.00019748251507711124,0.00022537151055733071,0.00013199420980034314,0.0003391613011741915,7.423465486602857e-05,9.737943620463512e-05,0.00034781240052594544,9.550366710593809e-05,5.354294475028151e-05,4.322796556591214e-05,5.882414720694965e-05,1.6408670332904022e-05,0.00010158457026570644,3.24442639036549e-05,8.578604973583497e-05,9.716566242761885e-06,0.00023610196726763983,6.631295897501685e-05,9.143878258606864e-05,1.96905010237378e-05,3.540537059424604e-05,0.00016132402489686464,9.902756876769425e-06,2.3681779434765352e-05,0.00018372253615940524,-2.164431442894158e-06,0.00032720929362485584,5.803249579746663e-05,0.00011536782334158136,0.0002229461133326454,9.09009817390307e-05,0.00014458339991692276,0.00013631581923139477,0.0005175284885638121,0.00014292188592252567,0.00012717198733619873,0.00013111364464826698,0.00021852463612492492,0.0003406298182936466,0.00020408253244080113,0.0002877672320981106,0.0002652403087927128,8.448675011681987e-05,0.00013245189611404368
AVGO,0.0006119574707476638,0.00014346310231113906,0.00016872686854338075,0.00022736708417204907,0.00015117175678733323,0.00015206574808598755,0.00023670259572650161,0.00036385256734571296,0.0007773017026353466,0.0001486731830776005,0.00018205269182883476,2.476626867019816e-05,0.0004941822137628284,8.124718110226666e-05,0.00021361100999399475,0.0004934182016134844,-3.5161090766331894e-05,6.747589662110913e-05,0.00019793718198712367,1.3046204419394444e-06,0.0001471398249337306,0.00021969783865176043,0.00042970444627543673,2.21202183156188e-05,0.00018789584126857367,6.072470102734891e-05,0.00018666186234653063,0.0005021253263308021,7.538766801677955e-05,0.0006773897876219126,0.00022305895013228908,5.9460805615273564e-05,4.518987091742617e-05,-4.457778688780528e-05,0.00013203533658735726,0.0005012607069292761,0.00033024246135918134,0.000284952558319357,0.00017388539595782648,0.0005189075117573509,0.0001067584735203705,-1.4849514309196928e-05,0.00010324972871877483,6.741787120100485e-05,0.0005454180477400067,0.000393282295565286,0.0003462436186037652,0.0003812101816234046,0.00022643483179612468,0.00013098959550331463,0.0005627845516146828,7.703754236039003e-05,0.0002295385015832919,0.00011772980794745597,1.7682429092251857e-05,0.0003275057687877379,4.047427023296976e-05,0.00021937222418732944,0.00015609676778434488,5.178478894202887e-05,0.00024315762251742715,9.088445220980874e-05,0.00011574777347901662,0.00034746629618792574,0.0001357156950986564,-2.657153167549774e-05,5.255743167877683e-05,4.8109409204108054e-05,-5.7022417670412935e-05,0.0001618386865859134,8.500624457789185e-05,0.00010565938715557782,-1.0453915503378891e-05,0.0002830974905189749,4.4552459863678844e-05,8.160883789046146e-05,2.678984544842627e-07,5.6170766530267075e-05,0.00014553805054735576,-8.61705221744143e-05,-2.4466982241698136e-05,0.0001385004152636903,-3.919926493975669e-05,0.0003638464502058697,3.7324461590027814e-05,0.00013478811997587624,0.0002413818772497489,0.00010634344107431856,7.356012632671163e-05,0.00022245970544807983,0.00041432878061144093,6.20077043930899e-05,0.00013869350318535838,6.311661424079726e-05,1.585148208500577e-05,0.00031200422501857794,0.00012171553367046491,0.00034583883585762346,0.00015013437335329558,5.05059277948803e-05,-1.9658717446926416e-05
COST,0.00015278559906703945,4.686695413181155e-05,6.296147479661737e-05,7.85755473526709e-05,5.228087701908696e-05,5.325148090297963e-05,0.00010026410729065794,0.00010676612380168028,0.0001486731830776005,0.00014657170789612105,5.601475825855355e-05,2.0888450883526723e-05,0.00010794380292706524,3.382672521757439e-05,8.222957850304302e-05,0.00011712340842561917,1.7142661829568996e-05,2.5714895778827987e-05,6.874068792534139e-05,1.1712079446927973e-05,7.873944594059026e-05,6.294834173066947e-05,0.00010361622631797545,7.782245382360282e-06,5.618221021772308e-05,3.558362369281388e-05,1.0145485204597778e-05,0.00011603159004721926,4.282814190332312e-05,0.00018165312599212734,9.618818654483304e-05,2.5241494569991803e-05,2.8286673282820257e-05,-6.135634288868618e-06,3.49469773409862e-05,8.345518095311816e-05,7.240976763799339e-05,7.440460873970484e-05,7.080896247294302e-05,0.00012351395590904897,4.904508461320823e-05,2.3201125246057226e-05,5.367924716090887e-05,3.3078874287443756e-05,0.00011617853682360187,0.0001016728749077564,9.143613678832785e-05,0.00010817141482900779,8.10908873260488e-05,4.299173174539607e-05,0.00015358854237386343,2.347568891989483e-05,7.608026516341915e-05,2.198202214172473e-05,2.5785061190285896e-05,0.0001025460967600756,1.442735081575287e-05,6.415446947810023e-05,4.433445350624169e-05,2.4340550678250836e-05,6.316875141465518e-05,4.441168956970608e-05,2.783757331082479e-05,8.44720545177267e-05,5.365241623074019e-05,2.2464002725120667e-05,4.105657196593492e-06,3.4050400115701504e-05,2.5838841535765617e-06,4.6403598033838246e-05,2.3844445751687322e-05,5.007620359598644e-05,1.483124110487593e-05,6.120016160934369e-05,2.022813620973455e-05,2.4969839446364665e-05,3.119244041372797e-05,3.463638473321846e-05,6.365700702999879e-05,-5.600775777207269e-06,4.661566849627045e-07,4.620333290163561e-05,-2.2299498234886144e-06,8.952572166500128e-05,3.2090392615096595e-05,5.17062855366557e-05,7.443145437130038e-05,2.6819948382306842e-05,2.8072469592907164e-05,6.932178654498784e-05,8.834677126660783e-05,3.5953360396739456e-05,4.161002260877443e-05,1.2909469166409047e-05,2.3830393537528605e-05,9.01458184134472e-05,3.536468593416915e-05,0.00010247415491186741,1.7612747573504047e-05,3.093259078777683e-05,1.3790088443597749e-05
NFLX,0.0002504044030286245,8.261189989875533e-05,0.0001035806562158588,0.00012728511202969028,0.00010135571540496119,0.00010298834604120953,0.0001284881303016403,7.213675469314137e-05,0.00018205269182883476,5.601475825855355e-05,0.00042107259721477257,5.645582935196501e-07,0.0002351467748482019,1.9029127491547664e-05,0.00012783147888623917,0.00021069734757315508,-1.446206485399264e-05,2.0178954591712387e-05,0.0001013243210307649,6.771914682466502e-06,0.0001238994967860889,6.193385710106019e-05,0.00014591265468759295,2.2001637110857815e-06,7.265451498007218e-05,1.1046460947143003e-05,9.190508731807076e-05,0.00015493475331980938,2.7120824202005488e-05,0.00023537221403531776,9.153236225280867e-05,1.8954563182130944e-05,5.814379514977961e-06,-2.160613097140931e-05,3.863145103178498e-05,0.00014455472367628434,0.00015299273676087105,7.485629400012591e-05,9.547016214703539e-05,0.00014497565261443305,3.683347930228596e-05,4.530625767329968e-06,5.6805405119574066e-05,1.10413432446616e-05,0.00016757375301338926,0.0001437959122920839,0.00014833706705626623,0.00013048684521965972,0.00011186464651232478,4.802913348528242e-05,0.00019137162573468924,8.599388305853216e-05,0.00010015118789824408,6.747496465113662e-05,1.3219369624628025e-06,0.00011497506129577128,3.499429419340251e-05,7.161402518634657e-05,0.00011476341541976601,7.666161145485953e-06,0.00013090542577581996,2.8612986003746447e-05,5.720164175924013e-05,8.839995409303444e-05,4.984592251534767e-05,1.6327127659057724e-05,3.8315989202170414e-05,1.0770378905852949e-05,-1.2126097102815257e-05,7.18248162484419e-05,1.7196400164802664e-05,3.5744526390737905e-05,-2.4887387963509576e-06,0.00010580478864737706,-3.931045541178507e-06,1.950570499456609e-05,1.8574785809574222e-05,3.469725683925114e-05,5.003586724091274e-05,-1.647694246026873e-05,-2.697346819515748e-05,5.8292506098082154e-05,-1.3817817121970364e-05,0.00010751989172892002,2.6331460303931946e-05,5.596097563194032e-05,0.00012173983853816761,4.9204854223306645e-05,1.303950895417454e-06,7.82771311119742e-05,6.67618688927536e-05,0.00010348945939577726,4.402129014981415e-05,-1.900863970120447e-05,4.15962685912762e-05,0.00012172661978206853,4.328218938694194e-05,0.00015308115039112775,3.0919933558942004e-05,7.774693261389784e-07,5.439472850597742e-06
TMUS,2.5629837058932833e-05,5.649281336805362e-06,6.20940088161893e-06,1.0825510747923635e-05,1.0025629641369994e-05,9.105910627583105e-06,1.0942077936491038e-05,6.266563505038023e-05,2.476626867019816e-05,2.0888450883526723e-05,5.645582935196501e-07,9.454340080005168e-05,1.934941318025247e-05,1.924818054801844e-05,3.345981304798928e-05,2.7981746004868775e-05,2.3079716986031897e-05,2.5062536481191873e-05,1.2034056984391705e-05,2.4634791563693923e-05,2.6086022178642614e-05,2.1567677430436567e-05,1.2209329438334777e-05,1.7832269930274714e-05,1.5049643219836539e-05,2.36607116194383e-05,-8.951919887117807e-06,9.447797877933717e-06,2.258467577458657e-05,-5.175060451132351e-07,1.3192384755115683e-05,1.7451870617657766e-05,2.1537151507243963e-05,2.4465840564825105e-05,2.853537397789494e-05,3.3976300008250057e-06,1.1945881462815433e-05,2.3855013643985225e-05,1.4983192663328945e-05,1.385037808409589e-05,2.1461342218701e-05,2.3920388187461875e-05,3.613101633235442e-05,1.931630548230701e-05,7.3271551504834145e-06,1.5883533846802536e-05,3.93713350657975e-05,2.0996083572335433e-05,2.2433378543529025e-05,1.0985896474099943e-05,4.678140702567394e-07,1.7591438847663654e-05,3.490713064111031e-05,1.4243001354393669e-05,1.5419879306877167e-05,3.052762643266286e-05,1.1719361123360469e-05,1.7853381854110926e-05,7.854229940680684e-06,3.0201456521727693e-05,7.580587734813254e-07,1.948709247246057e-05,2.878444732810484e-05,1.9240688824895674e-05,2.0218705073559313e-05,1.638344896358128e-05,-3.6718649307584146e-07,2.0508354586999046e-05,2.8081484145256875e-05,1.547941006689847e-05,6.504679737939947e-06,2.0605020435483025e-05,1.8771580919043118e-05,3.492082796237126e-06,1.3043106734509574e-05,2.180208945514811e-05,6.5389174379821404e-06,1.0454750217713873e-05,3.9033609408719136e-05,2.433731974562802e-05,3.2659893678732945e-05,1.7564443394680438e-05,4.0587649335395995e-05,2.139254777002514e-05,2.3241641599938424e-05,1.9282879753266153e-05,3.9471863475379545e-05,2.697510067061141e-06,1.9981880603639478e-05,2.1185360402617107e-05,2.0186194915950533e-05,2.847412507611626e-05,8.597608420639413e-06,2.8992204155698182e-05,3.98163139625556e-05,1.4089162497661869e-05,3.0347289627578505e-05,-2.2320885990121865e-05,-1.4824776223566474e-05,2.2113988229071827e-05,2.1229402643561992e-05
ASML,0.0005331453584097918,0.00012277560091003377,0.00015581313893884392,0.00022703229909381805,0.00013648951029873133,0.0001378339458830546,0.00023423764610287364,0.0002747455182418768,0.0004941822137628284,0.00010794380292706524,0.0002351467748482019,1.934941318025247e-05,0.0007485506378711449,4.252964400840569e-05,0.0001637876293014212,0.000511165652543965,-4.5692337506727876e-05,5.378762159486042e-05,0.00017940174133859531,3.412748627868582e-05,0.0001911023943581966,0.0002504143033082367,0.00042939923969406306,2.9697085741992483e-05,0.00018154520639682918,6.031026605524413e-05,0.00021444510632696588,0.0005783432686429395,7.43582110225016e-05,0.000664062433558757,0.00016732411123144352,5.407709406152848e-05,3.170997649968019e-05,-4.3431697330082734e-05,9.779139634385936e-05,0.0004662265265024396,0.00037359671601722746,0.00031829629040851606,0.00016167487696580984,0.0005840381261601113,9.52964914060626e-05,-3.649978857398446e-05,0.00016332440736518082,6.41962986440203e-05,0.0006166391275122531,0.00038374685261210274,0.0003012593346439406,0.00036762437421866033,0.00020589012069262576,0.00014234951839883216,0.000505660887267478,0.00011973422305094245,0.00022661968511040976,0.00012055642142604218,2.5481346786079865e-05,0.0002843129713586276,6.629029084189201e-05,0.00021614990857580054,0.00021567132963992938,5.05651257469352e-05,0.00026269608124009395,8.34193732368553e-05,0.00014714654396166569,0.0003863650614845104,0.00014067132870204424,-1.250780327998109e-05,8.731738322253769e-05,3.181410069887526e-05,-4.941924921992828e-05,0.00018106187845498293,9.556623040128938e-05,8.2572770152197e-05,-2.2282852448940268e-05,0.0002610435955508124,6.457110953426872e-05,7.422836000640702e-05,-5.350281899181618e-06,6.761562509450004e-05,0.00015628045395582181,-6.61173167895544e-05,-4.9201631966666496e-05,0.00013306359780523652,-5.317983836804238e-05,0.00040611121643959743,6.0717049635397824e-05,0.00017225955397940512,0.0002646529177458988,0.00010118619833108012,9.731768562988459e-05,0.00022407709604711627,0.0004541159455972107,7.565240995343429e-05,0.0001618060477958329,6.076878319526638e-05,7.727237280764778e-05,0.00029990089219838323,0.0002092880425158586,0.0002681931074121668,0.00019461216206632432,8.946248968379477e-05,-5.25651244837011e-05
CSCO,5.229601144331268e-05,3.054529723055809e-05,3.65345999953031e-05,7.073453527868632e-05,5.506649781398403e-05,5.4504010997515736e-05,3.187187326460547e-05,6.161312898374658e-05,8.124718110226666e-05,3.382672521757439e-05,1.9029127491547664e-05,1.924818054801844e-05,4.252964400840569e-05,0.00015729933107049766,7.007379730839696e-05,7.936640296851577e-05,2.3274861040378792e-05,2.8165004356892958e-05,6.62942613584152e-05,2.096450529960783e-05,3.100457867609442e-05,6.598290457224722e-05,4.8452139155171194e-05,5.8093455644995876e-05,3.6077041275157595e-05,5.05059900709588e-05,4.1470952155806776e-05,5.374663198141869e-05,4.009003088230964e-05,8.053985239360666e-05,7.519423818208689e-05,3.6725073714568986e-05,3.393010038166492e-05,4.215448318845711e-05,5.4293344460594444e-05,6.480981288929469e-05,8.876890467393616e-05,8.535824165279023e-05,4.103129641060886e-05,5.752896992730493e-05,3.151389644887869e-05,1.9491763989429974e-05,7.311717423674763e-05,3.37867120448634e-05,6.25147742436523e-05,5.478536964680213e-05,6.727952185377791e-05,5.9393504267152624e-05,7.135893067868598e-05,4.085154770016529e-05,9.41303339307891e-05,4.704438569845554e-05,5.395159588446756e-05,5.863152401033557e-05,2.182420515065371e-05,4.9170187168592154e-05,4.110742485122608e-05,7.026068570608617e-05,0.00010277932222520198,6.719577751540914e-05,4.89911474412715e-05,4.947634963821353e-05,4.6079611427212656e-05,7.402399557270647e-05,4.1619670693251746e-05,2.4866569495177184e-05,4.2181943765100556e-05,4.6540313038837736e-05,2.1711840086436755e-05,6.20436858202667e-05,4.0255906960766736e-05,5.492144901782883e-05,2.630047427374144e-05,5.816171100097301e-05,5.702275108602307e-05,3.778162792461917e-05,2.225319266727098e-05,4.769242774760008e-05,8.911362642596596e-05,2.343902653656273e-05,2.1107098283075458e-05,5.9331936343687974e-05,3.6850245577727134e-05,8.617386443216383e-05,2.8075878223664013e-05,5.1464024837062915e-05,8.789586247476618e-05,3.1737438745927066e-05,6.022078757396828e-05,4.48404842819141e-05,9.955490348434714e-05,2.7278065612899905e-05,5.9062819637473586e-05,5.0196454663282255e-05,8.460704367423771e-05,0.00010310117161300778,8.774707579872419e-05,9.635535459915429e-05,8.115082629052863e-05,6.350994766648244e-05,7.936410946052886e-05
ADBE,0.0002111623132202619,8.191132001094223e-05,0.00012781109607372314,0.00016801972018195372,0.00013530007925695967,0.00013619429651413122,0.0001535286236522418,0.00011393608583941942,0.00021361100999399475,8.222957850304302e-05,0.00012783147888623917,3.345981304798928e-05,0.0001637876293014212,7.007379730839696e-05,0.0004470851533047555,0.00018417765156443646,2.6338056007611585e-05,3.131345359058243e-05,0.00017506663806927678,2.396708686404153e-06,8.020543581076413e-05,6.90387286825611e-05,0.00012567253265213834,3.7718359769728664e-05,7.862403627754318e-05,5.593767810967997e-05,3.526415247618801e-05,0.00015313275552956865,3.450391768626227e-05,0.00019933862407499548,0.00017689609983526805,3.867489061047946e-05,4.99042928314559e-05,4.612552141866143e-05,4.263704266146175e-05,0.00011040163596879205,0.0001596234053756916,0.00010019018190201087,8.798801271985731e-05,0.00016640919556009442,6.742168868928777e-05,1.143133028466356e-05,8.243806974860442e-05,5.096091593091501e-05,0.00017487368167649344,0.00019480351015647982,0.00019094926551945136,0.00020219526605857384,0.00011467753563292128,6.198763455945846e-05,0.00017816939921495533,8.850677551456458e-05,0.00011033289438079669,0.00014523658492279857,3.487053792965251e-05,5.186320487034385e-05,4.1548633078344274e-05,0.00012513357313215928,0.00019364526470941256,7.691295414450958e-05,7.289433691728068e-05,8.53215753220447e-05,3.81863869220598e-05,0.00011306373553698478,9.616855017633463e-05,3.329988366530682e-05,-1.4166992418948477e-05,4.795875039658211e-05,-7.399655865313953e-07,9.543308462612273e-05,3.780625194789934e-05,5.632347443415305e-05,1.660128019056492e-05,0.00017632490954430432,-8.332915530105345e-06,5.880493240847026e-05,5.1414647118464194e-05,5.299513385418109e-05,9.495608456654549e-05,-7.275546515326586e-06,-3.763486664969892e-06,3.66760340065454e-05,1.71955248075704e-05,0.0001403229225933631,3.159744875646955e-05,8.979651144628732e-05,0.0001927055199507688,5.826453667083968e-05,3.464427553959397e-05,0.00011763264655723713,0.00010532602907124492,4.257965719478815e-05,5.145905121180868e-05,3.6452886084481257e-05,-1.719786716928192e-05,0.00016569023492067167,7.356216479669743e-05,0.0002601124333356448,1.855122843678382e-05,-2.1297935175551217e-06,-2.113186289168148e-05
AMD,0.000564804263479321,0.0001324300229520513,0.00015713821743948991,0.00023486718512035314,0.00018969127244893784,0.00019327383958555615,0.0002793033929904526,0.00030317502197084787,0.0004934182016134844,0.00011712340842561917,0.00021069734757315508,2.7981746004868775e-05,0.000511165652543965,7.936640296851577e-05,0.00018417765156443646,0.0009275248277926402,-3.575013031756444e-05,5.975062810455679e-05,0.00018420961606708123,1.0387422060564576e-07,0.00019090738550684417,0.00024172302532920542,0.0003899647970738415,5.731128689445774e-05,0.00018415755039741073,6.388373955801785e-05,0.000192425332050046,0.0004927884972168387,7.779854449621292e-05,0.0005939871950579746,0.00018068927789652284,4.4498137865137966e-05,2.2489522668733903e-05,9.976378420883648e-06,0.00015042228275521203,0.0004230036678038118,0.0003802977577416809,0.0003092619811643953,0.000261828513769627,0.0005023556870417549,9.909978310832608e-05,6.021564191887726e-06,0.0001569255551809046,6.875420665006627e-05,0.000511459103013958,0.0003518666205906693,0.0003014016148294631,0.0003443385594796646,0.0002479937276076005,0.00015867015097566299,0.0005794126743339655,9.697570627910124e-05,0.0002800851359748806,0.0001172821644043473,4.4478268269043566e-05,0.00026691259899689333,4.791022313038849e-05,0.0001889212546190049,0.00016161414132341798,3.1866344900784266e-05,0.00023412250669660678,9.04524307508708e-05,0.0001385821065207661,0.00038453984131071905,0.00014718324202667998,1.6347729784057158e-05,2.9968141657126803e-05,3.168380039822134e-05,-3.6578592305885424e-05,0.00015375884677817827,0.00010303015498667088,8.535015930106557e-05,-1.7011045145358914e-05,0.0002935680625844739,2.7574489994576788e-05,8.122529829466502e-05,1.8923767852177077e-07,8.218534624567738e-05,0.00014407813139035697,-9.155891631794622e-05,1.974056731244051e-06,0.00010878789739803163,-3.5588055519915114e-05,0.00036659808348200504,3.847567879737208e-05,0.00014971994013691822,0.0002447360987908728,0.00011080479090371713,0.00011650820412422233,0.0002043681748097258,0.0004418228374243761,0.000192067574803224,0.00023042997308964297,6.408485297368678e-05,8.084838002636581e-05,0.00037130237172443775,0.0001574905443137326,0.00029541479457059164,0.00023701918281578716,8.512053735431444e-05,2.3828323655891727e-06
PEP,-6.557763653448801e-05,4.29220126526487e-06,1.8893729570457848e-06,-8.87708357931554e-06,5.109289117086368e-06,5.058267745255571e-06,-9.555675269368463e-06,1.9828783006312058e-05,-3.5161090766331894e-05,1.7142661829568996e-05,-1.446206485399264e-05,2.3079716986031897e-05,-4.5692337506727876e-05,2.3274861040378792e-05,2.6338056007611585e-05,-3.575013031756444e-05,0.00010828793934806,2.0622734051811563e-05,2.108977848175556e-05,2.269837257168778e-05,1.9166590863953304e-05,6.076626748518079e-06,-3.063475590215821e-05,3.27245128905576e-05,-3.133688170305758e-06,3.869897013055626e-05,-5.7736233703595875e-06,-5.509315299218914e-05,2.79378491515847e-05,8.898046151009555e-06,1.0565803689581057e-05,2.6518167686003476e-05,2.8818294844265296e-05,3.9721936380711984e-05,3.199157740206543e-05,-4.1317233323018124e-05,-1.0996520261479112e-05,4.980053545570165e-06,1.2230168764202535e-05,-4.840588284293434e-05,2.8787863067806354e-05,6.753085022875582e-05,2.2179519729624455e-05,2.211391706353281e-05,-5.151503910936899e-05,-1.35304673447748e-05,-3.135173142700851e-05,-1.569767660981762e-05,1.5283618285861232e-05,1.3799555086268003e-05,-4.021890969335525e-05,5.185640846890931e-06,1.2484924901219707e-05,2.3834870326335414e-05,2.910309492372949e-05,-6.206438416727015e-05,2.3762333049449084e-05,1.0308705751019219e-05,2.013396515778593e-05,5.521708761711586e-05,-8.86367018546104e-06,2.2738722058809928e-05,2.160545028808793e-05,-1.3126726785772972e-05,2.059905044219247e-05,6.084275883155656e-05,-5.071432864523783e-06,3.076024814145559e-05,5.2051139688726644e-05,-9.536613427390363e-07,1.0555395055142275e-05,2.286543577693514e-05,6.744635718906674e-05,-2.707851480501043e-05,5.6287901148313685e-06,1.808515988052136e-05,3.56038588685583e-05,2.621063053257009e-05,2.440523932137198e-05,5.358133477451049e-05,6.968755146630399e-05,2.7121743259601726e-05,4.509027052515809e-05,-1.0056300455018422e-05,4.411398371218292e-05,2.636917981069081e-05,1.3568214174481977e-05,1.6360712568722048e-05,3.6686250689240824e-05,1.5058846668187932e-05,-1.6408335276884895e-05,3.260676724425501e-05,1.6389568006999977e-05,3.622801877678783e-05,4.750046502519829e-05,2.5463116915942263e-05,2.684249379129168e-05,-1.128834261154785e-05,2.5981283970164184e-05,2.169927842695328e-05,4.577126857002742e-05
